15
4   5   7   10  12
0       0       68      0       0       0       18      0       70      0       0       0       0       0       0
0       0       70      0       5       78      0       0       0       0       76      19      0       22      0
68      70      0       0       95      0       96      45      62      0       0       0       91      87      0
0       0       0       0       37      0       0       0       58      0       55      88      0       0       90
0       5       95      37      0       0       0       0       0       0       0       0       0       0       0
0       78      0       0       0       0       43      0       74      0       0       0       0       0       7
18      0       96      0       0       43      0       0       66      0       82      0       0       0       75
0       0       45      0       0       0       0       0       0       0       0       0       9       0       32
70      0       62      58      0       74      66      0       0       0       0       0       0       0       34
0       0       0       0       0       0       0       0       0       0       86      67      0       0       0
0       76      0       55      0       0       82      0       0       86      0       0       0       0       0
0       19      0       88      0       0       0       0       0       67      0       0       0       94      80
0       0       91      0       0       0       0       9       0       0       0       0       0       0       0
0       22      87      0       0       0       0       0       0       0       0       94      0       0       6
0       0       0       90      0       7       75      32      34      0       0       80      0       6       0